0 0.4991721854304636 0.20326223337515684 0.09105960264900662 0.07779171894604767
0 0.5471854304635762 0.26537013801756587 0.10430463576158941 0.07653701380175658
0 0.6399006622516556 0.267879548306148 0.10099337748344371 0.08657465495608531
0 0.5496688741721855 0.33500627352572143 0.11258278145695365 0.08030112923462986
0 0.4544701986754967 0.2691342534504391 0.10099337748344371 0.08155583437892094
0 0.36258278145695366 0.26411543287327477 0.10264900662251655 0.07904642409033877
0 0.2996688741721854 0.31304893350062735 0.10596026490066225 0.08155583437892094
0 0.347682119205298 0.3676286072772898 0.10927152317880795 0.07528230865746549
0 0.43543046357615894 0.33814303638644916 0.09602649006622517 0.07904642409033877
0 0.49503311258278143 0.3920953575909661 0.09602649006622517 0.0740276035131744
